9.477000021083012982e-01
9.595000036273683142e-01
9.655571489674704688e-01
9.703142943552564015e-01
9.720285799673625826e-01
9.735571524926592835e-01
9.740857230765479491e-01
9.730571513516561577e-01
9.738571526323045457e-01
9.730714372226169084e-01
9.747285809687206148e-01
9.737857226814542466e-01
9.754428664275579530e-01
9.747714377301079924e-01
9.759428662913187669e-01
9.755428669282368848e-01
9.744000083208085305e-01
9.752142952169691181e-01
9.753285804816653748e-01
9.761571519715446232e-01
9.747857226644244255e-01
9.757285818883352224e-01
9.752571520635060498e-01
9.751142956529346151e-01
9.754714377437316841e-01
9.760000107118059764e-01
9.740571516752242198e-01
9.751000086750304385e-01
9.766857245990208103e-01
9.748857232502530223e-01
9.747142959492547387e-01
9.758285804305757427e-01
9.766857234920773845e-01
9.748000090462820566e-01
9.755571522883007551e-01
9.763285806349346618e-01
9.762000100101744238e-01
9.765000097240719157e-01
9.761571530784879380e-01
9.744571525709970761e-01
9.771000104291097665e-01
9.763857242039272188e-01
9.764571534735816405e-01
9.759857240744999052e-01
9.770571534122740598e-01
9.755285813127245742e-01
9.772714394330976884e-01
9.779285828556332216e-01
9.760428664513997044e-01
9.765857255458832986e-01
9.780857235193252119e-01
9.762571526425224411e-01
9.762285822629930276e-01
9.775000106436865233e-01
9.768142958198275938e-01
9.761142958062034580e-01
9.775714382955007498e-01
9.771285813195363934e-01
9.760142953055245263e-01
9.761142958062034580e-01
9.774142960991177853e-01
9.763857236930302275e-01
9.771857246330805102e-01
9.775142958334515075e-01
9.778142965691432043e-01
9.770714378356932794e-01
9.775571525096891090e-01
9.779000102622168455e-01
9.775285811935152669e-01
9.772000093119486142e-01
9.777714381047657444e-01
9.781714386599403843e-01
9.783142958368573616e-01
9.783857246807643460e-01
9.784428673982619173e-01
9.783285816226687803e-01
9.789142960309981101e-01
9.772571516888481913e-01
9.768285816056387905e-01
9.774285816294806528e-01
9.776142965895788794e-01
9.782571527787616850e-01
9.771000098330633321e-01
9.776714396476744451e-01
9.776857243265425490e-01
9.782428685256412404e-01
9.774714392423629050e-01
9.770285819258008875e-01
9.769857242277690812e-01
9.775714382955005277e-01
9.781714396817342561e-01
9.777000098569053055e-01
9.776000102928709135e-01
9.786428678035736795e-01
9.777142958981650533e-01
9.771857237815858577e-01
9.782571538005555567e-01
9.782428680147443600e-01
9.783285826444625410e-01
9.778285821846551817e-01
