9.070507949061455966e-01
9.583730197047429789e-01
9.700746106628386212e-01
9.773015976330589050e-01
9.812809628342824553e-01
9.849269944997059989e-01
9.874476287383883166e-01
9.896635007290613961e-01
9.911857220293983639e-01
9.925761971398004979e-01
9.934015931496545937e-01
9.944650843881424063e-01
9.950888934778788775e-01
9.955428612326819859e-01
9.957793690287879418e-01
9.963269876203840747e-01
9.964127017675883380e-01
9.967380983299680697e-01
9.971698439594298691e-01
9.971507963585473089e-01
9.975380975575675047e-01
9.972634946448462046e-01
9.974349230717098891e-01
9.974761928641605602e-01
9.978238115708032430e-01
9.981904778972504610e-01
9.974730182640136888e-01
9.977174624753375465e-01
9.981873033160255648e-01
9.983365095040154236e-01
9.978253988708768452e-01
9.975634943776661157e-01
9.983206365127411663e-01
9.984174618077658048e-01
9.977253989757055574e-01
9.985650807335263446e-01
9.988079376447768221e-01
9.977444465765875625e-01
9.983047635025448230e-01
9.985634934239918659e-01
9.984682554290407186e-01
9.983396841041625169e-01
9.983619063241141456e-01
9.982888905112707878e-01
9.985936521253888642e-01
9.985984140066872516e-01
9.985634934334527424e-01
9.988984137395071627e-01
9.984984141304380501e-01
9.985539696140894872e-01
9.991841277622039996e-01
9.989031756491888459e-01
9.985984140350705474e-01
9.988666677474974387e-01
9.988619058378158666e-01
9.987523821422031878e-01
9.990047628538947233e-01
9.989063502398749517e-01
9.981920650743303369e-01
9.988571439375952821e-01
9.989873025530859874e-01
9.991365087599982653e-01
9.989142867497035061e-01
9.991460325604393233e-01
9.993206355685279041e-01
9.990571437563214863e-01
9.993873021716161986e-01
9.990746040571305553e-01
9.991476198605129255e-01
9.990650802566891642e-01
9.994222227732340036e-01
9.993492069698515223e-01
9.991317468503163601e-01
9.991841277622042217e-01
9.993126990681602262e-01
9.993396831694102422e-01
9.992730165663219477e-01
9.992349212604854092e-01
9.991412706602187388e-01
9.993317466595815768e-01
9.990920643579391802e-01
9.993603180703661826e-01
9.992238101599708600e-01
9.988698423476446431e-01
9.994444449742635461e-01
9.990380960702894830e-01
9.989793660527184205e-01
9.994000005722044611e-01
9.992317467644100670e-01
9.990777786572774266e-01
9.996158733822051445e-01
9.994460322648761608e-01
9.991888896624245842e-01
9.992000007629394664e-01
9.992238102545816236e-01
9.994301592736016815e-01
9.992380959647043648e-01
9.991857150622776018e-01
9.994460322743370373e-01
9.995507940791903412e-01
