3.330645997987853324e-01
1.401761767983673024e-01
9.813174916268696535e-02
7.441176655029671516e-02
5.986788025569348554e-02
4.815762893585044668e-02
3.978955843384258950e-02
3.283136768684175727e-02
2.781120351990610737e-02
2.335587989927421018e-02
2.047441265401421517e-02
1.735237514566434144e-02
1.499126129668429397e-02
1.368223343897769992e-02
1.271441040660618513e-02
1.117950919477672320e-02
1.080018914282961269e-02
9.679045142661740764e-03
8.638636150927407609e-03
8.674800862060823639e-03
7.504964095124662740e-03
8.241649276268083260e-03
7.624547457518553173e-03
7.746664393635362481e-03
6.676435152139746643e-03
5.498394328549130808e-03
7.605137146684495808e-03
6.852992500365770109e-03
5.533076300470536092e-03
5.046862192296012496e-03
6.532023129189613517e-03
7.457833571273416243e-03
5.095661716845246818e-03
4.786567462047276560e-03
6.879990596523226538e-03
4.477326265362739817e-03
3.802602196279984866e-03
6.676656284581000689e-03
5.170424328608900361e-03
4.410443990712118248e-03
4.816496419422021391e-03
5.210508392929208248e-03
4.894736960119930834e-03
5.397904017400329685e-03
4.359484959256601511e-03
4.295811059405702653e-03
4.295073030448915904e-03
3.570214641794452158e-03
4.926878016092696606e-03
4.442845842039855331e-03
2.637488753473039068e-03
3.515567800060925320e-03
4.379540492473044458e-03
3.440581982466680341e-03
3.661387196353709655e-03
4.162650614340518071e-03
3.249008971675536317e-03
3.481779372637622098e-03
6.175372339925775181e-03
3.706718626862585183e-03
3.424591385666335506e-03
2.783760276075262618e-03
3.471898678363368688e-03
2.781558203014589895e-03
2.177065897030153012e-03
3.200947385743975384e-03
1.974577347600752798e-03
3.075915541635407778e-03
2.850165298444742000e-03
3.019987096306112843e-03
1.936360869723707367e-03
2.158024488052009970e-03
2.916371650106582350e-03
2.841280230017292820e-03
2.304958657366010331e-03
2.425951863637244594e-03
2.317613642391637332e-03
3.320981792991641729e-03
3.034051087853358118e-03
2.210864024588331256e-03
3.048415527261095961e-03
2.270577297782090838e-03
3.299677826108487165e-03
4.024558597471429230e-03
1.844111164639721618e-03
4.300591630103703031e-03
3.523226073488898956e-03
1.945691181299675403e-03
2.565935673988319673e-03
3.218687506386214234e-03
1.321853447893552979e-03
1.916006266047960618e-03
2.772531795362016653e-03
2.855229422347379219e-03
2.703019405313012834e-03
1.998658892254988589e-03
2.669967696380829390e-03
3.074147067634097705e-03
1.898659687300859045e-03
1.593839386574209815e-03
